structure(c(1, 99, 10, 90, 91, 9, 3, 97, 15, 85, 22, 78, 99, 
1, 95, 5, 74, 26, 1, 99, 97, 3, 7, 93, 19, 81, 97, 3, 64, 36, 
28, 72, 56, 44, 3, 97, 15, 85, 94, 6, 96, 4, 5, 95, 97, 3, 20, 
80, 42, 58, 16, 84, 49, 51, 87, 13, 93, 7, 22, 78, 19, 81, 40, 
60, 95, 5, 80, 20, 64, 36, 99, 1, 82, 18, 44, 56, 93, 7, 26, 
74, 92, 8, 92, 8, 42, 58, 13, 87, 87, 13, 97, 3, 95, 5, 96, 4, 
96, 4, 74, 26, 4, 96, 97, 3, 96, 4, 5, 95, 6, 94, 75, 25, 2, 
98, 81, 19, 98, 2, 3, 97, 43, 57, 44, 56, 45, 55, 43, 57, 12, 
88, 95, 5, 43, 57, 43, 57, 11, 89, 11, 89, 40, 60, 76, 24, 79, 
21, 4, 96, 2, 98, 48, 52, 1, 99, 99, 1, 52, 48, 34, 66, 89, 11, 
49, 51, 55, 45, 32, 68, 12, 88, 6, 94, 51, 49, 95, 5, 55, 45, 
45, 55, 60, 40, 69, 31, 82, 18, 91, 9, 3, 97, 73, 27, 75, 25, 
33, 67, 98, 2, 19, 81, 98, 2, 69, 31, 98, 2, 3, 97, 93, 7, 50, 
50, 54, 46, 79, 21, 23, 77, 17, 83, 59, 41, 25, 75, 54, 46, 60, 
40, 5, 95, 94, 6, 45, 55, 96, 4, 8, 92, 54, 46, 94, 6, 6, 94, 
69, 31, 82, 18, 33, 67, 12, 88, 1, 99, 36, 64, 91, 9, 86, 14, 
12, 88, 99, 1, 13, 87, 26, 74, 1, 99, 99, 1, 8, 92, 84, 16, 19, 
81, 6, 94, 99, 1, 85, 15, 95, 5, 99, 1, 23, 77, 69, 31, 70, 30, 
13, 87, 85, 15, 94, 6, 89, 11, 82, 18, 25, 75, 82, 18, 95, 5, 
1, 99, 88, 12, 38, 62, 8, 92, 76, 24, 86, 14, 86, 14, 47, 53, 
92, 8, 92, 8, 14, 86, 16, 84, 84, 16, 49, 51, 3, 97, 85, 15, 
35, 65, 30, 70, 89, 11, 91, 9, 18, 82, 56, 44, 93, 7, 82, 18, 
81, 19, 28, 72, 37, 63, 12, 88, 97, 3, 54, 46, 4, 96, 38, 62, 
48, 52, 76, 24, 91, 9, 82, 18, 70, 30, 64, 36, 62, 38, 99, 1, 
98, 2, 4, 96, 14, 86, 27, 73, 77, 23, 20, 80, 80, 20, 98, 2, 
24, 76, 74, 26, 84, 16, 50, 50, 23, 77, 79, 21, 4, 96, 96, 4, 
32, 68, 94, 6, 96, 4, 67, 33, 65, 35, 61, 39, 91, 9, 6, 94, 30, 
70, 26, 74, 17, 83, 23, 77, 28, 72, 78, 22, 26, 74, 71, 29, 9, 
91, 83, 17, 93, 7, 89, 11, 42, 58, 19, 81, 91, 9, 53, 47, 29, 
71, 83, 17, 57, 43, 57, 43, 2, 98, 28, 72, 77, 23, 78, 22, 68, 
32, 74, 26, 99, 1, 92, 8, 66, 34, 45, 55, 41, 59, 48, 52, 47, 
53, 48, 52, 12, 88, 12, 88, 97, 3, 13, 87, 13, 87, 33, 67, 56, 
44, 23, 77, 8, 92, 21, 79, 77, 23, 77, 23, 96, 4, 67, 33, 66, 
34, 66, 34, 64, 36, 8, 92, 12, 88, 8, 92, 33, 67, 58, 42, 21, 
79, 7, 93, 2, 98, 82, 18, 15, 85, 17, 83, 97, 3, 11, 89, 93, 
7, 8, 92, 20, 80, 13, 87, 80, 20, 97, 3, 1, 99, 78, 22, 85, 15, 
11, 89, 89, 11, 44, 56, 94, 6, 88, 12, 16, 84, 14, 86, 51, 49, 
96, 4, 62, 38, 71, 29, 33, 67, 21, 79, 36, 64, 99, 1, 24, 76, 
99, 1, 55, 45, 70, 30, 12, 88, 56, 44, 31, 69, 56, 44, 44, 56, 
8, 92, 51, 49, 81, 19, 76, 24, 87, 13, 17, 83, 1, 99, 61, 39, 
45, 55, 94, 6, 94, 6, 3, 97, 83, 17, 13, 87, 99, 1, 1, 99, 99, 
1, 4, 96, 5, 95, 59, 41, 95, 5, 8, 92, 1, 99, 4, 96, 4, 96, 99, 
1, 1, 99, 58, 42, 88, 12, 34, 66, 72, 28, 30, 70, 13, 87, 88, 
12, 43, 57, 91, 9, 21, 79, 86, 14, 1, 99, 99, 1, 25, 75, 47, 
53, 27, 73, 83, 17, 24, 76, 40, 60, 67, 33, 85, 15, 51, 49, 39, 
61, 98, 2, 51, 49, 49, 51, 31, 69, 32, 68, 83, 17, 78, 22, 45, 
55, 28, 72, 78, 22, 9, 91, 48, 52, 13, 87, 22, 78, 31, 69, 98, 
2, 20, 80, 67, 33, 70, 30, 63, 37, 96, 4, 8, 92, 44, 56, 22, 
78, 73, 27, 30, 70, 57, 43, 79, 21, 93, 7, 81, 19, 57, 43, 21, 
79, 11, 89, 12, 88, 34, 66, 1, 99, 93, 7, 64, 36, 7, 93, 20, 
80, 26, 74, 75, 25, 86, 14, 21, 79, 84, 16, 16, 84, 63, 37, 85, 
15, 54, 46, 84, 16, 27, 73, 67, 33, 91, 9, 32, 68, 30, 70, 20, 
80, 65, 35, 3, 97, 53, 47, 94, 6, 4, 96, 4, 96, 23, 77, 80, 20, 
81, 19, 41, 59, 79, 21, 18, 82, 17, 83, 87, 13, 82, 18, 79, 21, 
36, 64, 31, 69, 28, 72, 28, 72, 16, 84, 5, 95, 17, 83, 19, 81, 
41, 59, 86, 14, 19, 81, 18, 82, 55, 45, 26, 74, 22, 78, 3, 97, 
2, 98, 16, 84, 54, 46, 82, 18, 1, 99, 15, 85, 5, 95, 18, 82, 
88, 12, 1, 99, 98, 2, 88, 12, 2, 98, 1, 99, 70, 30, 86, 14, 13, 
87, 13, 87, 95, 5, 42, 58, 64, 36, 64, 36, 3, 97, 20, 80, 39, 
61, 45, 55, 97, 3, 97, 3, 13, 87, 56, 44, 7, 93, 72, 28, 70, 
30, 34, 66, 85, 15, 19, 81, 81, 19, 85, 15, 6, 94, 5, 95, 61, 
39, 98, 2, 72, 28, 28, 72, 30, 70, 27, 73, 12, 88, 6, 94, 5, 
95, 11, 89, 78, 22, 64, 36, 4, 96, 44, 56, 64, 36, 79, 21, 63, 
37, 9, 91, 72, 28, 83, 17, 23, 77, 43, 57, 97, 3, 20, 80, 8, 
92, 11, 89, 91, 9, 91, 9, 56, 44, 75, 25, 29, 71, 40, 60, 40, 
60, 41, 59, 40, 60, 44, 56, 44, 56, 85, 15, 26, 74, 35, 65, 40, 
60, 83, 17, 26, 74, 26, 74, 60, 40, 26, 74, 9, 91, 4, 96, 40, 
60, 65, 35, 15, 85, 26, 74, 40, 60, 60, 40, 56, 44, 60, 40, 60, 
40, 49, 51, 26, 74, 92, 8, 4, 96, 91, 9, 60, 40, 56, 44, 44, 
56, 56, 44, 56, 44, 26, 74, 57, 43, 41, 59, 97, 3, 2, 98, 38, 
62, 28, 72, 36, 64, 39, 61, 2, 98, 96, 4, 83, 17, 95, 5, 10, 
90, 95, 5, 45, 55, 45, 55, 22, 78, 47, 53, 88, 12, 90, 10, 17, 
83, 10, 90, 4, 96, 83, 17, 99, 1, 99, 1, 2, 98, 89, 11, 98, 2, 
14, 86, 3, 97, 16, 84, 99, 1, 18, 82, 98, 2, 8, 92, 1, 99, 97, 
3, 2, 98, 2, 98, 1, 99, 97, 3, 76, 24, 1, 99, 2, 98, 47, 53, 
83, 17, 98, 2, 17, 83, 86, 14, 15, 85, 93, 7, 66, 34, 87, 13, 
7, 93, 51, 49, 51, 49, 97, 3, 22, 78, 94, 6, 10, 90, 29, 71, 
51, 49, 49, 51, 49, 51, 14, 86, 4, 96, 78, 22, 57, 43, 62, 38, 
51, 49, 6, 94, 32, 68, 97, 3, 96, 4, 24, 76, 32, 68, 76, 24, 
99, 1, 24, 76, 57, 43, 51, 49, 6, 94, 57, 43, 44, 56, 52, 48, 
48, 52, 57, 43, 51, 49, 57, 43, 97, 3, 99, 1, 43, 57, 11, 89, 
57, 43, 46, 54, 10, 90, 49, 51, 89, 11, 38, 62, 44, 56, 56, 44, 
95, 5, 12, 88, 3, 97, 3, 97, 97, 3, 6, 94, 32, 68, 3, 97, 3, 
97, 83, 17, 32, 68, 4, 96, 83, 17, 96, 4, 71, 29, 93, 7, 7, 93, 
92, 8, 7, 93, 23, 77, 65, 35, 6, 94, 94, 6, 51, 49, 18, 82, 26, 
74, 25, 75, 58, 42, 23, 77, 15, 85, 64, 36, 46, 54, 7, 93, 12, 
88, 14, 86, 19, 81, 22, 78, 21, 79, 9, 91, 11, 89, 21, 79, 12, 
88, 95, 5, 14, 86, 25, 75, 94, 6, 4, 96, 81, 19, 7, 93, 97, 3, 
98, 2, 32, 68, 30, 70, 80, 20, 96, 4, 30, 70, 9, 91, 27, 73, 
8, 92, 65, 35, 80, 20, 19, 81, 70, 30, 52, 48, 97, 3, 1, 99, 
47, 53, 46, 54, 48, 52, 97, 3, 96, 4, 5, 95, 9, 91, 3, 97, 82, 
18, 82, 18, 53, 47, 19, 81, 69, 31, 79, 21, 81, 19, 16, 84, 19, 
81, 9, 91, 97, 3, 97, 3, 74, 26, 11, 89, 30, 70, 80, 20, 32, 
68, 81, 19, 2, 98, 21, 79, 24, 76, 11, 89, 10, 90, 49, 51, 80, 
20, 23, 77, 90, 10, 89, 11, 58, 42, 75, 25, 91, 9, 42, 58, 2, 
98, 32, 68, 83, 17, 83, 17, 46, 54, 13, 87, 88, 12, 86, 14, 73, 
27, 82, 18, 9, 91, 70, 30, 89, 11, 30, 70, 35, 65, 13, 87, 93, 
7, 99, 1, 26, 74, 23, 77, 97, 3, 16, 84, 4, 96, 96, 4, 78, 22, 
65, 35, 97, 3, 26, 74, 88, 12, 35, 65, 34, 66, 66, 34, 69, 31, 
85, 15, 54, 46, 94, 6, 85, 15, 43, 57, 16, 84, 6, 94, 14, 86, 
94, 6, 89, 11, 44, 56, 20, 80, 11, 89, 71, 29, 40, 60, 44, 56, 
56, 44, 19, 81, 98, 2, 64, 36, 81, 19, 29, 71, 43, 57, 36, 64, 
36, 64, 13, 87, 2, 98, 85, 15, 23, 77, 1, 99, 24, 76, 1, 99, 
9, 91, 2, 98, 4, 96, 92, 8, 61, 39, 47, 53, 91, 9, 88, 12, 51, 
49, 14, 86, 67, 33, 89, 11, 11, 89, 91, 9, 33, 67, 98, 2, 92, 
8, 91, 9, 91, 9, 30, 70, 4, 96, 51, 49, 2, 98, 30, 70, 1, 99, 
19, 81, 99, 1, 8, 92, 10, 90, 4, 96, 87, 13, 90, 10, 9, 91, 39, 
61, 95, 5, 50, 50, 9, 91, 70, 30, 10, 90, 67, 33, 90, 10, 30, 
70, 40, 60, 19, 81, 41, 59, 47, 53, 4, 96, 96, 4, 87, 13, 25, 
75, 59, 41, 96, 4, 35, 65, 65, 35, 27, 73, 66, 34, 41, 59, 94, 
6, 67, 33, 35, 65, 20, 80, 87, 13, 80, 20, 48, 52, 53, 47, 53, 
47, 52, 48, 47, 53, 53, 47, 47, 53, 53, 47, 53, 47, 97, 3, 98, 
2, 12, 88, 32, 68, 68, 32, 97, 3, 4, 96, 90, 10, 2, 98, 86, 14, 
71, 29, 15, 85, 97, 3, 13, 87, 47, 53, 68, 32, 89, 11, 38, 62, 
99, 1, 66, 34, 15, 85, 26, 74, 26, 74, 13, 87, 48, 52, 94, 6, 
9, 91, 93, 7, 69, 31, 25, 75, 35, 65, 97, 3, 96, 4, 36, 64, 94, 
6, 49, 51, 49, 51, 82, 18, 19, 81, 2, 98, 91, 9, 52, 48, 76, 
24, 51, 49, 49, 51, 51, 49, 19, 81, 94, 6, 99, 1, 1, 99, 49, 
51, 98, 2, 9, 91, 86, 14, 1, 99, 46, 54, 72, 28, 72, 28, 57, 
43, 43, 57, 85, 15, 5, 95, 43, 57, 99, 1, 14, 86, 83, 17, 1, 
99, 97, 3, 72, 28, 11, 89, 77, 23, 4, 96, 44, 56, 46, 54, 13, 
87, 2, 98, 79, 21, 44, 56, 28, 72, 67, 33, 25, 75, 70, 30, 26, 
74, 69, 31, 92, 8, 94, 6, 62, 38, 95, 5, 5, 95, 76, 24, 48, 52, 
48, 52, 49, 51, 51, 49, 24, 76, 55, 45, 50, 50, 10, 90, 62, 38, 
3, 97, 98, 2, 67, 33, 2, 98, 7, 93, 27, 73, 10, 90, 97, 3, 55, 
45, 46, 54, 94, 6, 13, 87, 98, 2, 63, 37, 34, 66, 35, 65, 78, 
