structure(c(97, 3, 87, 13, 17, 83, 5, 95, 5, 95, 14, 86, 32, 
68, 64, 36, 36, 64, 36, 64, 69, 31, 31, 69, 25, 75, 32, 68, 94, 
6, 6, 94, 50, 50, 47, 53, 4, 96, 1, 99, 29, 71, 71, 29, 23, 77, 
16, 84, 76, 24, 90, 10, 10, 90, 75, 25, 12, 88, 23, 77, 90, 10, 
86, 14, 67, 33, 96, 4, 50, 50, 32, 68, 16, 84, 63, 37, 11, 89, 
1, 99, 32, 68, 28, 72, 80, 20, 84, 16, 29, 71, 40, 60, 99, 1, 
65, 35, 24, 76, 14, 86, 87, 13, 87, 13, 86, 14, 60, 40, 36, 64, 
60, 40, 88, 12, 87, 13, 27, 73, 7, 93, 36, 64, 93, 7, 88, 12, 
52, 48, 37, 63, 7, 93, 12, 88, 12, 88, 47, 53, 91, 9, 53, 47, 
56, 44, 44, 56, 9, 91, 91, 9, 42, 58, 24, 76, 76, 24, 98, 2, 
50, 50, 50, 50, 10, 90, 50, 50, 51, 49, 23, 77, 50, 50, 2, 98, 
49, 51, 1, 99, 99, 1, 75, 25, 99, 1, 50, 50, 1, 99, 12, 88, 72, 
28, 65, 35, 1, 99, 95, 5, 77, 23, 86, 14, 18, 82, 53, 47, 85, 
15, 18, 82, 61, 39, 61, 39, 73, 27, 8, 92, 11, 89, 14, 86, 75, 
25, 86, 14, 66, 34, 75, 25, 65, 35, 70, 30, 12, 88, 85, 15, 26, 
74, 27, 73, 99, 1, 85, 15, 1, 99, 17, 83, 23, 77, 85, 15, 44, 
56, 98, 2, 32, 68, 3, 97, 16, 84, 1, 99, 78, 22, 83, 17, 68, 
32, 99, 1, 1, 99, 73, 27, 93, 7, 32, 68, 31, 69, 17, 83, 94, 
6, 22, 78, 27, 73, 14, 86, 14, 86, 98, 2, 17, 83, 13, 87, 86, 
14, 14, 86, 10, 90, 14, 86, 86, 14, 17, 83, 11, 89, 45, 55, 86, 
14, 69, 31, 55, 45, 90, 10, 55, 45, 87, 13, 13, 87, 34, 66, 18, 
82, 75, 25, 44, 56, 86, 14, 80, 20, 58, 42, 72, 28, 80, 20, 39, 
61, 8, 92, 41, 59, 98, 2, 18, 82, 17, 83, 86, 14, 64, 36, 81, 
19, 19, 81, 1, 99, 81, 19, 79, 21, 66, 34, 36, 64, 82, 18, 42, 
58, 70, 30, 42, 58, 88, 12, 12, 88, 24, 76, 47, 53, 45, 55, 58, 
42, 13, 87, 73, 27, 62, 38, 93, 7, 27, 73, 93, 7, 71, 29, 39, 
61, 8, 92, 54, 46, 94, 6, 46, 54, 78, 22, 6, 94, 68, 32, 79, 
21, 80, 20, 27, 73, 3, 97, 2, 98, 1, 99, 10, 90, 99, 1, 15, 85, 
69, 31, 12, 88, 76, 24, 76, 24, 24, 76, 16, 84, 18, 82, 1, 99, 
54, 46, 57, 43, 2, 98, 15, 85, 43, 57, 58, 42, 12, 88, 50, 50, 
52, 48, 15, 85, 15, 85, 95, 5, 93, 7, 33, 67, 40, 60, 4, 96, 
1, 99, 50, 50, 57, 43, 58, 42, 92, 8, 48, 52, 13, 87, 75, 25, 
2, 98, 2, 98, 24, 76, 78, 22, 43, 57, 7, 93, 93, 7, 1, 99, 1, 
99, 1, 99, 99, 1, 2, 98, 97, 3, 6, 94, 9, 91, 91, 9, 79, 21, 
97, 3, 50, 50, 9, 91, 93, 7, 10, 90, 42, 58, 94, 6, 96, 4, 22, 
78, 68, 32, 96, 4, 27, 73, 66, 34, 69, 31, 11, 89, 92, 8, 92, 
8, 92, 8, 71, 29, 55, 45, 93, 7, 66, 34, 18, 82, 95, 5, 7, 93, 
98, 2, 6, 94, 49, 51, 99, 1, 17, 83, 75, 25, 7, 93, 7, 93, 18, 
82, 84, 16, 18, 82, 18, 82, 48, 52, 18, 82, 79, 21, 18, 82, 82, 
18, 79, 21, 4, 96, 82, 18, 17, 83, 9, 91, 72, 28, 27, 73, 33, 
67, 80, 20, 2, 98, 99, 1, 83, 17, 1, 99, 79, 21, 2, 98, 97, 3, 
78, 22, 19, 81, 50, 50, 69, 31, 69, 31, 69, 31, 69, 31, 69, 31, 
31, 69, 19, 81, 69, 31, 69, 31, 49, 51, 49, 51, 64, 36, 98, 2, 
78, 22, 36, 64, 24, 76, 24, 76, 24, 76, 24, 76, 40, 60, 16, 84, 
24, 76, 24, 76, 76, 24, 36, 64, 16, 84, 19, 81, 84, 16, 83, 17, 
17, 83, 76, 24, 83, 17, 24, 76, 76, 24, 19, 81, 19, 81, 41, 59, 
59, 41, 83, 17, 2, 98, 97, 3, 80, 20, 65, 35, 20, 80, 84, 16, 
20, 80, 80, 20, 78, 22, 1, 99, 15, 85, 1, 99, 41, 59, 57, 43, 
64, 36, 67, 33, 3, 97, 94, 6, 37, 63, 55, 45, 92, 8, 41, 59, 
8, 92, 8, 92, 43, 57, 70, 30, 33, 67, 99, 1, 95, 5, 71, 29, 25, 
75, 74, 26, 97, 3, 43, 57, 48, 52, 47, 53, 43, 57, 5, 95, 39, 
61, 30, 70, 30, 70, 68, 32, 40, 60, 8, 92, 3, 97, 61, 39, 8, 
92, 33, 67, 4, 96, 29, 71, 29, 71, 76, 24, 4, 96, 50, 50, 52, 
48, 13, 87, 22, 78, 18, 82, 23, 77, 95, 5, 45, 55, 17, 83, 18, 
82, 19, 81, 7, 93, 97, 3, 21, 79, 79, 21, 3, 97, 20, 80, 80, 
20, 59, 41, 97, 3, 97, 3, 38, 62, 76, 24, 76, 24, 80, 20, 20, 
80, 16, 84, 20, 80, 26, 74, 97, 3, 76, 24, 32, 68, 57, 43, 81, 
19, 56, 44, 81, 19, 19, 81, 58, 42, 78, 22, 62, 38, 87, 13, 39, 
61, 86, 14, 74, 26, 73, 27, 34, 66, 95, 5, 95, 5, 8, 92, 8, 92, 
98, 2, 24, 76, 59, 41, 90, 10, 9, 91, 31, 69, 77, 23, 9, 91, 
34, 66, 97, 3, 99, 1, 99, 1, 95, 5, 6, 94, 79, 21, 97, 3, 84, 
16, 1, 99, 1, 99, 2, 98, 53, 47, 86, 14, 15, 85, 25, 75, 12, 
88, 4, 96, 57, 43, 5, 95, 95, 5, 96, 4, 74, 26, 9, 91, 91, 9, 
4, 96, 87, 13, 13, 87, 13, 87, 2, 98, 41, 59, 51, 49, 25, 75, 
20, 80, 75, 25, 1, 99, 27, 73, 30, 70, 30, 70, 42, 58, 93, 7, 
5, 95, 69, 31, 8, 92, 90, 10, 97, 3, 69, 31, 35, 65, 6, 94, 33, 
67, 82, 18, 32, 68, 99, 1, 61, 39, 61, 39, 18, 82, 39, 61, 39, 
61, 6, 94, 61, 39, 61, 39, 17, 83, 18, 82, 21, 79, 45, 55, 94, 
6, 45, 55, 55, 45, 55, 45, 48, 52, 22, 78, 61, 39, 8, 92, 83, 
17, 39, 61, 39, 61, 78, 22, 56, 44, 38, 62, 39, 61, 29, 71, 92, 
8, 61, 39, 60, 40, 54, 46, 41, 59, 37, 63, 1, 99, 6, 94, 34, 
66, 34, 66, 53, 47, 1, 99, 49, 51, 12, 88, 20, 80, 20, 80, 46, 
54, 60, 40, 99, 1, 2, 98, 63, 37, 63, 37, 88, 12, 37, 63, 1, 
99, 58, 42, 88, 12, 49, 51, 12, 88, 50, 50, 12, 88, 54, 46, 97, 
3, 88, 12, 1, 99, 1, 99, 12, 88, 12, 88, 99, 1, 14, 86, 12, 88, 
88, 12, 2, 98, 12, 88, 87, 13, 49, 51, 12, 88, 12, 88, 99, 1, 
37, 63, 99, 1, 87, 13, 12, 88, 88, 12, 12, 88, 87, 13, 13, 87, 
97, 3, 37, 63, 51, 49, 88, 12, 1, 99, 99, 1, 99, 1, 51, 49, 98, 
2, 12, 88, 88, 12, 26, 74, 34, 66, 97, 3, 44, 56, 97, 3, 47, 
53, 33, 67, 33, 67, 97, 3, 53, 47, 97, 3, 18, 82, 82, 18, 54, 
46, 15, 85, 3, 97, 97, 3, 3, 97, 3, 97, 82, 18, 14, 86, 3, 97, 
32, 68, 97, 3, 97, 3, 3, 97, 32, 68, 97, 3, 89, 11, 68, 32, 3, 
97, 3, 97, 3, 97, 3, 97, 3, 97, 3, 97, 3, 97, 97, 3, 3, 97, 97, 
3, 3, 97, 3, 97, 3, 97, 3, 97, 28, 72, 46, 54, 2, 98, 83, 17, 
98, 2, 2, 98, 85, 15, 2, 98, 44, 56, 85, 15, 56, 44, 56, 44, 
46, 54, 97, 3, 21, 79, 34, 66, 3, 97, 52, 48, 46, 54, 1, 99, 
52, 48, 70, 30, 58, 42, 4, 96, 2, 98, 99, 1, 54, 46, 96, 4, 20, 
80, 16, 84, 49, 51, 89, 11, 89, 11, 12, 88, 3, 97, 19, 81, 12, 
88, 88, 12, 12, 88, 12, 88, 55, 45, 80, 20, 45, 55, 70, 30, 8, 
92, 2, 98, 73, 27, 19, 81, 20, 80, 35, 65, 98, 2, 79, 21, 38, 
62, 2, 98, 2, 98, 40, 60, 98, 2, 96, 4, 7, 93, 98, 2, 30, 70, 
62, 38, 58, 42, 22, 78, 41, 59, 17, 83, 83, 17, 11, 89, 9, 91, 
92, 8, 94, 6, 27, 73, 26, 74, 69, 31, 96, 4, 88, 12, 32, 68, 
39, 61, 8, 92, 9, 91, 9, 91, 78, 22, 93, 7, 30, 70, 9, 91, 9, 
91, 27, 73, 66, 34, 50, 50, 77, 23, 61, 39, 64, 36, 27, 73, 15, 
85, 47, 53, 65, 35, 34, 66, 94, 6, 35, 65, 81, 19, 19, 81, 58, 
42, 38, 62, 80, 20, 81, 19, 91, 9, 27, 73, 82, 18, 86, 14, 12, 
88, 42, 58, 71, 29, 71, 29, 77, 23, 58, 42, 98, 2, 24, 76, 4, 
96, 76, 24, 11, 89, 92, 8, 5, 95, 86, 14, 16, 84, 31, 69, 53, 
47, 28, 72, 73, 27, 10, 90, 76, 24, 90, 10, 7, 93, 16, 84, 32, 
68, 41, 59, 18, 82, 80, 20, 67, 33, 33, 67, 54, 46, 18, 82, 46, 
54, 42, 58, 36, 64, 18, 82, 93, 7, 93, 7, 27, 73, 11, 89, 93, 
7, 21, 79, 76, 24, 4, 96, 24, 76, 31, 69, 76, 24, 24, 76, 69, 
31, 4, 96, 71, 29, 92, 8, 77, 23, 77, 23, 55, 45, 77, 23, 75, 
25, 18, 82, 25, 75, 27, 73, 95, 5, 64, 36, 4, 96, 39, 61, 58, 
42, 66, 34, 99, 1, 34, 66, 88, 12, 65, 35, 18, 82, 88, 12, 28, 
72, 35, 65, 65, 35, 76, 24, 89, 11, 25, 75, 82, 18, 18, 82, 89, 
11, 78, 22, 1, 99, 22, 78, 82, 18, 22, 78, 82, 18, 85, 15, 70, 
30, 46, 54, 97, 3, 34, 66, 78, 22, 33, 67, 69, 31, 11, 89, 18, 
82, 85, 15, 49, 51, 40, 60, 80, 20, 48, 52, 44, 56, 14, 86, 42, 
58, 71, 29, 19, 81, 69, 31, 31, 69, 74, 26, 13, 87, 84, 16, 13, 
87, 58, 42, 83, 17, 16, 84, 34, 66, 64, 36, 34, 66, 18, 82, 15, 
85, 87, 13, 33, 67, 69, 31, 29, 71, 54, 46, 55, 45, 66, 34, 18, 
82, 58, 42, 1, 99, 34, 66, 66, 34, 66, 34, 72, 28, 90, 10, 13, 
87, 98, 2, 18, 82, 65, 35, 9, 91, 8, 92, 10, 90, 1, 99, 54, 46, 
45, 55, 52, 48, 98, 2, 6, 94, 7, 93, 60, 40, 9, 91, 89, 11, 58, 
42, 56, 44, 28, 72, 28, 72, 68, 32, 49, 51, 99, 1, 4, 96, 4, 
96, 2, 98, 27, 73, 79, 21, 27, 73, 73, 27, 3, 97, 3, 97, 73, 
27, 27, 73, 73, 27, 25, 75, 97, 3, 84, 16, 76, 24, 82, 18, 82, 
18, 82, 18, 21, 79, 79, 21, 98, 2, 77, 23, 41, 59, 23, 77, 79, 
21, 98, 2, 23, 77, 60, 40, 45, 55, 80, 20, 96, 4, 98, 2, 2, 98, 
2, 98, 77, 23, 2, 98, 79, 21, 2, 98, 54, 46, 2, 98, 72, 28, 81, 
19, 23, 77, 74, 26, 3, 97, 20, 80, 22, 78, 34, 66, 66, 34, 88, 
12, 90, 10, 98, 2, 88, 12, 86, 14, 14, 86, 85, 15, 77, 23, 23, 
77, 92, 8, 83, 17, 37, 63, 66, 34, 8, 92, 31, 69, 30, 70, 20, 
