structure(list(rs2259866 = c(1, 1, 1, 1, 1, 1, 1, 1, 1, 1), rs10875504 = c(2, 
2, 1, 1, 1, 1, 2, 1, 1, 1), rs7339773 = c(3, 3, 3, 3, 3, 3, 3, 
2, 2, 3), rs7339863 = c(3, 3, 3, 3, 3, 3, 3, 3, 3, 3), rs8190183 = c(3, 
3, 3, 3, 3, 3, 3, 3, 3, 3), rs6010298 = c(2, 2, 3, 3, 3, 3, 2, 
3, 3, 3), rs8137605 = c(2, 2, 3, 3, 3, 3, 2, 2, 2, 3), rs5748589 = c(2, 
1, 1, 2, 2, 1, 1, 3, 2, 3), rs5992715 = c(2, 3, 3, 2, 2, 3, 3, 
1, 2, 1), rs131532 = c(2, 3, 3, 2, 2, 3, 3, 2, 2, 2), rs5748626 = c(2, 
1, 1, 2, 2, 1, 1, 1, 2, 2), rs5748640 = c(2, 3, 3, 2, 2, 3, 3, 
3, 2, 2), rs4010554 = c(2, 3, 3, 2, 2, 3, 3, 3, 2, 2), rs2027653 = c(2, 
1, 3, 2, 2, 3, 2, 3, 2, 2), rs17344604 = c(1, 1, 1, 1, 2, 1, 
1, 1, 1, 1), rs7410309 = c(3, 3, 3, 3, 3, 3, 3, 2, 3, 3), rs4010319 = c(2, 
3, 1, 2, 2, 1, 2, 3, 2, 2), rs4010266 = c(2, 2, 3, 2, 2, 3, 3, 
1, 2, 2), rs2379980 = c(3, 3, 3, 3, 3, 3, 2, 3, 3, 3), rs5747561 = c(3, 
3, 3, 3, 3, 3, 2, 3, 3, 3), rs2070501 = c(2, 3, 1, 1, 1, 3, 2, 
3, 2, 3), rs11089264 = c(2, 1, 3, 3, 3, 1, 2, 1, 2, 1), rs12172265 = c(2, 
3, 2, 3, 3, 3, 2, 2, 2, 3), rs2096537 = c(3, 3, 3, 3, 3, 3, 3, 
3, 3, 3), rs9604959 = c(2, 1, 2, 2, 1, 1, 2, 2, 2, 1), rs9606003 = c(1, 
1, 1, 1, 1, 1, 1, 1, 1, 1), rs9604964 = c(3, 3, 3, 3, 3, 3, 3, 
3, 3, 3), rs5993821 = c(2, 3, 2, 1, 2, 3, 2, 2, 1, 2), rs9507980 = c(3, 
3, 3, 2, 2, 3, 3, 3, 2, 3), rs11703273 = c(3, 3, 3, 2, 2, 3, 
3, 3, 2, 2), rs9605028 = c(1, 1, 1, 1, 1, 1, 1, 1, 1, 1), rs1892844 = c(1, 
1, 1, 2, 2, 1, 1, 1, 2, 1), rs12106650 = c(1, 2, 2, 2, 2, 2, 
1, 2, 1, 2), rs16981497 = c(1, 1, 1, 1, 1, 1, 1, 1, 1, 1), rs2845372 = c(1, 
2, 2, 2, 3, 2, 1, 2, 2, 3), rs5748567 = c(1, 3, 3, 3, 3, 2, 1, 
3, 3, 3), rs2215076 = c(3, 3, 2, 2, 3, 3, 3, 2, 3, 3), rs2845379 = c(1, 
2, 2, 2, 2, 1, 1, 2, 2, 2), rs11704471 = c(3, 3, 3, 3, 2, 3, 
3, 3, 3, 2), rs16981635 = c(3, 3, 3, 3, 3, 3, 3, 3, 3, 3), rs1807512 = c(3, 
2, 2, 2, 2, 2, 3, 2, 2, 2), rs4819531 = c(3, 2, 2, 2, 3, 3, 3, 
2, 2, 3), rs5748593 = c(1, 1, 2, 2, 1, 1, 1, 2, 1, 1), rs2159071 = c(1, 
1, 2, 2, 1, 1, 1, 1, 1, 1), rs5993996 = c(3, 2, 2, 2, 3, 3, 3, 
2, 2, 3), rs5746887 = c(1, 3, 3, 3, 1, 2, 1, 3, 3, 2), rs12169397 = c(1, 
1, 1, 2, 1, 1, 1, 1, 1, 1), rs2190742 = c(1, 2, 2, 2, 1, 2, 1, 
2, 2, 2), rs5748614 = c(3, 2, 2, 2, 3, 2, 3, 2, 2, 3), rs5748621 = c(3, 
3, 2, 2, 3, 3, 3, 3, 3, 3), rs4819887 = c(1, 1, 2, 2, 1, 1, 1, 
1, 1, 1), rs2108583 = c(1, 1, 2, 2, 1, 1, 1, 1, 1, 1), rs5746896 = c(1, 
1, 2, 2, 1, 1, 1, 1, 1, 1), rs7511517 = c(3, 1, 1, 1, 3, 1, 3, 
1, 1, 2), rs7286066 = c(3, 2, 2, 2, 3, 2, 3, 2, 2, 2), rs11089347 = c(3, 
1, 1, 1, 3, 1, 3, 1, 1, 2), rs8141920 = c(1, 1, 2, 1, 1, 1, 1, 
1, 1, 1), rs7284785 = c(1, 1, 2, 2, 1, 1, 1, 1, 1, 1), rs5748636 = c(3, 
1, 2, 2, 2, 3, 2, 2, 2, 3), rs5748648 = c(3, 3, 3, 3, 3, 3, 3, 
3, 3, 3), rs738045 = c(3, 3, 3, 2, 2, 3, 3, 3, 2, 1), rs5746899 = c(1, 
1, 1, 1, 1, 1, 1, 1, 1, 1), rs4819892 = c(1, 2, 2, 2, 1, 1, 1, 
2, 2, 1), rs2385715 = c(1, 2, 2, 3, 2, 1, 1, 2, 3, 3), rs5748654 = c(3, 
3, 3, 2, 2, 3, 3, 3, 2, 1), rs2072467 = c(3, 3, 3, 3, 3, 3, 2, 
3, 3, 3), rs2072466 = c(3, 2, 2, 2, 3, 3, 3, 2, 2, 3), rs5746901 = c(3, 
2, 2, 2, 3, 3, 3, 2, 2, 3), rs9306239 = c(2, 2, 2, 3, 2, 2, 1, 
2, 3, 3), rs8138409 = c(1, 2, 2, 2, 1, 1, 1, 2, 2, 1), rs5994025 = c(2, 
2, 2, 1, 2, 2, 3, 2, 1, 1), rs175138 = c(2, 1, 1, 2, 2, 2, 1, 
1, 2, 3), rs175139 = c(2, 3, 3, 2, 2, 2, 3, 3, 2, 1), rs175140 = c(3, 
2, 2, 2, 3, 3, 3, 2, 2, 3), rs175146 = c(1, 2, 2, 2, 1, 1, 1, 
2, 2, 1), rs175149 = c(3, 3, 3, 2, 2, 2, 3, 3, 2, 1), rs165706 = c(2, 
2, 3, 3, 2, 3, 2, 3, 3, 3), rs175151 = c(2, 2, 1, 1, 2, 1, 2, 
1, 1, 1), rs5746906 = c(1, 1, 1, 1, 1, 1, 1, 1, 1, 1), rs165670 = c(3, 
2, 3, 2, 1, 2, 2, 3, 2, 1), rs165910 = c(3, 2, 3, 2, 1, 2, 2, 
3, 2, 1), rs9605158 = c(3, 3, 3, 3, 3, 3, 3, 2, 3, 3), rs165709 = c(1, 
2, 1, 2, 3, 1, 2, 1, 2, 3), rs165810 = c(1, 2, 1, 2, 3, 2, 2, 
1, 2, 2), rs175154 = c(3, 2, 3, 3, 2, 2, 2, 3, 3, 3), rs165927 = c(1, 
2, 1, 2, 3, 2, 2, 1, 2, 2), rs9617920 = c(3, 3, 3, 3, 3, 3, 3, 
3, 3, 3), rs165612 = c(3, 2, 3, 2, 1, 2, 2, 3, 2, 2), rs2041608 = c(3, 
3, 3, 3, 3, 3, 3, 3, 3, 3), rs12169910 = c(1, 1, 1, 1, 1, 1, 
1, 1, 1, 1), rs16981786 = c(1, 1, 1, 2, 2, 1, 1, 1, 2, 2), rs11089351 = c(1, 
1, 1, 1, 1, 2, 1, 1, 1, 1), rs165705 = c(3, 2, 2, 2, 1, 2, 2, 
3, 2, 2), rs7291500 = c(3, 3, 3, 3, 3, 2, 3, 3, 3, 3), rs738043 = c(3, 
3, 3, 2, 2, 3, 3, 3, 3, 3), rs9606527 = c(2, 1, 2, 2, 1, 2, 1, 
1, 2, 2), rs5994087 = c(2, 1, 2, 1, 2, 1, 3, 2, 1, 1), rs16981824 = c(3, 
3, 2, 3, 3, 3, 3, 3, 3, 3), rs16981833 = c(1, 1, 1, 1, 1, 1, 
1, 1, 1, 1), rs7288841 = c(2, 1, 1, 1, 1, 1, 3, 2, 1, 1), rs8136206 = c(2, 
1, 1, 2, 1, 2, 1, 1, 2, 2), rs1990485 = c(2, 3, 3, 1, 3, 2, 3, 
3, 1, 2), rs9306241 = c(2, 2, 3, 2, 2, 1, 3, 2, 2, 2), rs759081 = c(2, 
1, 1, 2, 1, 2, 1, 1, 2, 2), rs2385782 = c(2, 3, 3, 1, 3, 2, 3, 
3, 1, 2), rs5992587 = c(1, 2, 2, 1, 2, 2, 1, 2, 1, 1), rs5748744 = c(1, 
2, 2, 1, 2, 2, 1, 2, 1, 1), rs9306242 = c(1, 2, 2, 1, 2, 2, 1, 
2, 1, 1), rs5994097 = c(3, 2, 3, 3, 2, 3, 3, 3, 3, 2), rs17806382 = c(3, 
3, 3, 3, 3, 2, 3, 3, 3, 3), rs5748748 = c(3, 3, 3, 3, 3, 3, 3, 
3, 2, 3), rs5994098 = c(2, 1, 3, 1, 2, 2, 3, 1, 1, 1), rs5748749 = c(1, 
1, 1, 1, 1, 1, 1, 1, 2, 1), rs5748756 = c(1, 2, 1, 2, 2, 2, 1, 
1, 2, 2), rs933461 = c(2, 1, 3, 1, 2, 2, 3, 1, 1, 1), rs2215725 = c(2, 
2, 1, 2, 2, 2, 1, 1, 2, 2), rs5992593 = c(1, 1, 1, 1, 1, 1, 1, 
1, 2, 1), rs7510758 = c(3, 2, 3, 2, 2, 3, 3, 3, 2, 2), rs5748759 = c(1, 
1, 1, 1, 1, 1, 1, 1, 1, 1), rs5748760 = c(2, 3, 1, 3, 2, 2, 1, 
3, 3, 3), rs5748761 = c(3, 2, 3, 2, 2, 3, 3, 3, 2, 2), rs11703085 = c(2, 
1, 1, 1, 1, 1, 1, 1, 1, 2), rs9618948 = c(1, 1, 1, 1, 1, 1, 1, 
1, 1, 1), rs11702945 = c(2, 3, 3, 3, 3, 3, 3, 3, 3, 2), rs11704537 = c(2, 
3, 3, 3, 3, 2, 3, 3, 2, 2), rs759078 = c(2, 3, 1, 3, 2, 3, 1, 
3, 3, 3), rs5994110 = c(2, 2, 1, 2, 2, 1, 1, 1, 2, 3), rs11089387 = c(3, 
2, 3, 2, 2, 2, 3, 3, 1, 2), rs9606550 = c(1, 1, 1, 2, 1, 1, 1, 
1, 1, 1), rs1024732 = c(3, 2, 3, 2, 3, 2, 3, 1, 3, 3), rs11913448 = c(3, 
3, 3, 3, 3, 3, 3, 3, 3, 3), rs5748766 = c(3, 3, 3, 3, 3, 3, 3, 
3, 3, 3), rs11704401 = c(2, 3, 3, 3, 3, 3, 3, 3, 3, 2), rs757630 = c(2, 
1, 3, 1, 2, 1, 3, 1, 1, 1), rs5748771 = c(1, 1, 1, 1, 1, 1, 1, 
1, 1, 1), rs4819932 = c(2, 1, 3, 1, 2, 2, 3, 1, 1, 1), rs11702971 = c(2, 
1, 1, 1, 1, 1, 1, 1, 1, 2), rs11703756 = c(2, 3, 3, 3, 3, 3, 
3, 3, 3, 2), rs4819935 = c(2, 1, 3, 1, 2, 2, 3, 1, 1, 1), rs5746955 = c(1, 
1, 1, 1, 1, 1, 1, 1, 1, 1), rs5748798 = c(3, 2, 3, 2, 3, 2, 3, 
1, 3, 3), rs917838 = c(2, 3, 3, 3, 2, 2, 3, 3, 1, 3), rs2192155 = c(2, 
1, 2, 2, 3, 3, 2, 2, 3, 2), rs5748809 = c(1, 1, 1, 1, 1, 1, 1, 
1, 1, 1), rs2399168 = c(3, 3, 2, 3, 3, 3, 2, 3, 3, 2), rs4819945 = c(3, 
3, 2, 3, 3, 3, 2, 3, 3, 2), rs2110227 = c(3, 1, 2, 2, 3, 3, 2, 
2, 2, 2), rs2159985 = c(3, 1, 2, 2, 3, 3, 2, 2, 2, 2), rs5994149 = c(1, 
1, 1, 1, 1, 1, 2, 1, 1, 2), rs4819948 = c(3, 3, 2, 3, 3, 3, 3, 
3, 3, 3), rs2895329 = c(3, 1, 2, 2, 3, 3, 2, 2, 2, 2), rs5748832 = c(1, 
3, 2, 2, 1, 1, 2, 2, 2, 2), rs5746982 = c(3, 1, 2, 2, 3, 3, 2, 
2, 2, 2), rs5748835 = c(3, 3, 3, 3, 3, 3, 3, 3, 3, 3), rs2845418 = c(3, 
1, 2, 2, 3, 3, 2, 2, 2, 2), rs2845404 = c(1, 3, 2, 2, 1, 1, 2, 
2, 2, 2), rs17806974 = c(3, 3, 2, 3, 3, 3, 3, 3, 3, 3), rs1054945 = c(3, 
3, 3, 3, 3, 3, 3, 3, 3, 3), rs1054946 = c(3, 1, 1, 2, 3, 3, 1, 
2, 2, 1), rs2859480 = c(1, 3, 2, 2, 1, 1, 2, 2, 2, 2), rs5994154 = c(1, 
1, 2, 1, 1, 1, 2, 1, 1, 2), rs9606592 = c(1, 3, 3, 2, 1, 1, 3, 
2, 2, 3), rs5748845 = c(1, 1, 1, 1, 1, 1, 1, 1, 1, 1), rs738030 = c(1, 
3, 3, 2, 1, 1, 3, 2, 2, 3), rs4819554 = c(1, 3, 2, 2, 1, 1, 2, 
2, 2, 2), rs2270241 = c(3, 1, 2, 2, 3, 3, 2, 2, 3, 2), rs2241042 = c(3, 
1, 1, 2, 3, 3, 1, 2, 2, 1), rs7288159 = c(3, 3, 3, 3, 2, 3, 3, 
3, 3, 3), rs2241049 = c(2, 1, 2, 2, 1, 1, 2, 2, 1, 2), rs6518661 = c(3, 
3, 2, 3, 2, 1, 2, 3, 3, 3), rs882643 = c(1, 1, 2, 1, 1, 1, 1, 
2, 1, 1), rs887796 = c(1, 3, 2, 1, 1, 1, 1, 2, 2, 1), rs738035 = c(2, 
3, 3, 2, 1, 1, 1, 3, 3, 1), rs4819962 = c(2, 3, 2, 2, 1, 1, 1, 
2, 3, 1),