structure(c(13, 137, 1, 149, 141, 9, 148, 2, 8, 142, 142, 8, 
147, 3, 3, 147, 148, 2, 22, 128, 13, 137, 21, 129, 61, 89, 57, 
93, 136, 14, 116, 34, 48, 102, 149, 1, 101, 49, 53, 97, 95, 55, 
82, 68, 42, 108, 51, 99, 50, 100, 104, 46, 46, 104, 54, 96, 8, 
142, 126, 24, 33, 117, 104, 46, 52, 98, 6, 144, 97, 53, 4, 146, 
146, 4, 75, 75, 145, 5, 75, 75, 115, 35, 144, 6, 7, 143, 141, 
9, 26, 124, 8, 142, 19, 131, 73, 77, 8, 142, 142, 8, 8, 142, 
8, 142, 142, 8, 118, 32, 38, 112, 22, 128, 116, 34, 99, 51, 34, 
116, 33, 117, 17, 133, 18, 132, 18, 132, 18, 132, 35, 115, 116, 
34, 15, 135, 20, 130, 17, 133, 60, 90, 17, 133, 60, 90, 95, 55, 
115, 35, 32, 118, 43, 107, 58, 92, 13, 137, 99, 51, 40, 110, 
1, 149, 63, 87, 30, 120, 76, 74, 21, 129, 129, 21, 59, 91, 94, 
56, 92, 58, 56, 94, 30, 120, 6, 144, 128, 22, 143, 7, 133, 17, 
130, 20, 92, 58, 140, 10, 133, 17, 41, 109, 77, 73, 125, 25, 
125, 25, 92, 58, 1, 149, 131, 19, 2, 148, 91, 59, 61, 89, 147, 
3, 98, 52, 1, 149, 54, 96, 58, 92, 116, 34, 3, 147, 55, 95, 92, 
58, 37, 113, 95, 55, 36, 114, 129, 21, 35, 115, 39, 111, 52, 
98, 31, 119, 71, 79, 48, 102, 77, 73, 20, 130, 109, 41, 41, 109, 
142, 8, 142, 8, 64, 86, 86, 64, 64, 86, 7, 143, 64, 86, 64, 86, 
86, 64, 39, 111, 64, 86, 86, 64, 71, 79, 40, 110, 143, 7, 40, 
110, 86, 64, 110, 40, 64, 86, 85, 65, 101, 49, 111, 39, 139, 
11, 47, 103, 93, 57, 8, 142, 8, 142, 43, 107, 9, 141, 95, 55, 
55, 95, 128, 22, 78, 72, 129, 21, 69, 81, 71, 79, 34, 116, 128, 
22, 47, 103, 101, 49, 19, 131, 135, 15, 30, 120, 145, 5, 141, 
9, 144, 6, 14, 136, 135, 15, 107, 43, 137, 13, 137, 13, 23, 127, 
43, 107, 43, 107, 36, 114, 128, 22, 127, 23, 132, 18, 57, 93, 
13, 137, 58, 92, 18, 132, 2, 148, 2, 148, 9, 141, 27, 123, 143, 
7, 22, 128, 124, 26, 26, 124, 142, 8, 52, 98, 148, 2, 5, 145, 
43, 107, 149, 1, 102, 48, 43, 107, 5, 145, 107, 43, 32, 118, 
147, 3, 61, 89, 1, 149, 104, 46, 57, 93, 96, 54, 42, 108, 122, 
28, 119, 31, 23, 127, 21, 129, 79, 71, 147, 3, 147, 3, 132, 18, 
108, 42, 147, 3, 122, 28, 35, 115, 31, 119, 123, 27, 116, 34, 
33, 117, 84, 66, 66, 84, 19, 131, 121, 29, 105, 45, 45, 105, 
45, 105, 29, 121, 32, 118, 79, 71, 28, 122, 131, 19, 33, 117, 
67, 83, 81, 69, 81, 69, 80, 70, 83, 67, 114, 36, 33, 117, 110, 
40, 1, 149, 71, 79, 78, 72, 149, 1, 112, 38, 34, 116, 63, 87, 
71, 79, 133, 17, 73, 77, 144, 6, 85, 65, 144, 6, 6, 144, 8, 142, 
20, 130, 87, 63, 10, 140, 2, 148, 8, 142, 8, 142, 62, 88, 88, 
62, 2, 148, 142, 8, 91, 59, 53, 97, 60, 90, 8, 142, 7, 143, 92, 
58, 43, 107, 140, 10, 1, 149, 139, 11, 139, 11, 26, 124, 12, 
138, 130, 20, 20, 130, 20, 130, 115, 35, 9, 141, 32, 118, 32, 
118, 32, 118, 118, 32, 118, 32, 118, 32, 1, 149, 118, 32, 117, 
33, 33, 117, 116, 34, 131, 19, 142, 8, 1, 149, 143, 7, 122, 28, 
32, 118, 149, 1, 130, 20, 1, 149, 7, 143, 123, 27, 130, 20, 20, 
130, 2, 148, 37, 113, 114, 36, 142, 8, 7, 143, 18, 132, 143, 
7, 10, 140, 140, 10, 35, 115, 111, 39, 42, 108, 93, 57, 87, 63, 
75, 75, 79, 71, 133, 17, 55, 95, 96, 54, 30, 120, 122, 28, 57, 
93, 141, 9, 129, 21, 13, 137, 142, 8, 131, 19, 145, 5, 137, 13, 
145, 5, 126, 24, 37, 113, 34, 116, 4, 146, 112, 38, 102, 48, 
107, 43, 29, 121, 78, 72, 79, 71, 112, 38, 35, 115, 77, 73, 111, 
39, 78, 72, 73, 77, 34, 116, 116, 34, 43, 107, 90, 60, 72, 78, 
79, 71, 64, 86, 79, 71, 15, 135, 80, 70, 72, 78, 78, 72, 80, 
70, 33, 117, 78, 72, 140, 10, 72, 78, 80, 70, 70, 80, 140, 10, 
144, 6, 70, 80, 79, 71, 79, 71, 70, 80, 137, 13, 139, 11, 69, 
81, 139, 11, 11, 139, 82, 68, 10, 140, 81, 69, 80, 70, 69, 81, 
70, 80, 71, 79, 97, 53, 76, 74, 20, 130, 116, 34, 72, 78, 90, 
60, 56, 94, 121, 29, 149, 1, 116, 34, 149, 1, 105, 45, 1, 149, 
45, 105, 36, 114, 78, 72, 6, 144, 119, 31, 126, 24, 70, 80, 144, 
6, 71, 79, 6, 144, 73, 77, 7, 143, 143, 7, 7, 143, 16, 134, 7, 
143, 7, 143, 74, 76, 73, 77, 107, 43, 36, 114, 48, 102, 63, 87, 
7, 143, 66, 84, 82, 68, 67, 83, 50, 100, 61, 89, 93, 57, 141, 
9, 136, 14, 142, 8, 60, 90, 64, 86, 122, 28, 122, 28, 13, 137, 
114, 36, 95, 55, 1, 149, 9, 141, 12, 138, 5, 145, 20, 130, 19, 
131, 124, 26, 125, 25, 4, 146, 4, 146, 5, 145, 47, 103, 113, 
37, 3, 147, 3, 147, 147, 3, 64, 86, 51, 99, 111, 39, 112, 38, 
102, 48, 139, 11, 90, 60, 101, 49, 10, 140, 109, 41, 3, 147, 
43, 107, 26, 124, 115, 35, 34, 116, 8, 142, 130, 20, 93, 57, 
122, 28, 28, 122, 1, 149, 28, 122, 129, 21, 130, 20, 49, 101, 
131, 19, 101, 49, 30, 120, 130, 20, 92, 58, 92, 58, 49, 101, 
58, 92, 131, 19, 58, 92, 101, 49, 92, 58, 141, 9, 9, 141, 131, 
19, 101, 49, 92, 58, 49, 101, 21, 129, 122, 28, 18, 132, 40, 
110, 101, 49, 101, 49, 59, 91, 21, 129, 91, 59, 135, 15, 10, 
140, 39, 111, 33, 117, 16, 134, 148, 2, 9, 141, 4, 146, 12, 138, 
69, 81, 54, 96, 104, 46, 85, 65, 39, 111, 16, 134, 34, 116, 16, 
134, 16, 134, 93, 57, 83, 67, 116, 34, 6, 144, 13, 137, 137, 
13, 137, 13, 13, 137, 14, 136, 144, 6, 40, 110, 116, 34, 7, 143, 
81, 69, 27, 123, 26, 124, 7, 143, 116, 34, 144, 6, 69, 81, 7, 
143, 144, 6, 124, 26, 21, 129, 144, 6, 82, 68, 12, 138, 21, 129, 
6, 144, 144, 6, 6, 144, 13, 137, 83, 67, 7, 143, 143, 7, 6, 144, 
137, 13, 144, 6, 144, 6, 117, 33, 67, 83, 137, 13, 84, 66, 144, 
6, 34, 116, 108, 42, 70, 80, 36, 114, 137, 13, 82, 68, 32, 118, 
97, 53, 74, 76, 140, 10, 9, 141, 140, 10, 12, 138, 145, 5, 77, 
73, 138, 12, 9, 141, 26, 124, 148, 2, 12, 138, 61, 89, 12, 138, 
124, 26, 138, 12, 138, 12, 20, 130, 141, 9, 3, 147, 12, 138, 
134, 16, 109, 41, 12, 138, 28, 122, 16, 134, 138, 12, 140, 10, 
138, 12, 138, 12, 112, 38, 79, 71, 112, 38, 80, 70, 11, 139, 
11, 139, 11, 139, 5, 145, 54, 96, 134, 16, 12, 138, 12, 138, 
145, 5, 138, 12, 12, 138, 138, 12, 12, 138, 138, 12, 134, 16, 
9, 141, 38, 112, 144, 6, 1, 149, 33, 117, 28, 122, 138, 12, 113, 
37, 113, 37, 14, 136, 122, 28, 49, 101, 122, 28, 57, 93, 49, 
101, 96, 54, 12, 138, 113, 37, 28, 122, 101, 49, 101, 49, 122, 
28, 147, 3, 3, 147, 37, 113, 49, 101, 82, 68, 143, 7, 129, 21, 
14, 136, 145, 5, 111, 39, 12, 138, 141, 9, 96, 54, 136, 14, 113, 
37, 54, 96, 138, 12, 113, 37, 122, 28, 134, 16, 147, 3, 86, 64, 
5, 145, 82, 68, 136, 14, 63, 87, 130, 20, 19, 131, 132, 18, 18, 
132, 44, 106, 81, 69, 101, 49, 66, 84, 145, 5, 64, 86, 96, 54, 
65, 85, 131, 19, 63, 87, 83, 67, 133, 17, 141, 9, 133, 17, 132, 
18, 10, 140, 12, 138, 138, 12, 63, 87, 146, 4, 21, 129, 17, 133, 
146, 4, 146, 4, 21, 129, 133, 17, 5, 145, 63, 87, 5, 145, 145, 
5, 4, 146, 132, 18, 17, 133, 129, 21, 57, 93, 8, 142, 74, 76, 
145, 5, 85, 65, 8, 142, 142, 8, 9, 141, 102, 48, 9, 141, 102, 
48, 1, 149, 42, 108, 1, 149, 1, 149, 42, 108, 149, 1, 1, 149, 
101, 49, 5, 145, 2, 148, 142, 8, 121, 29, 49, 101, 67, 83, 54, 
96, 26, 124, 17, 133, 85, 65, 149, 1, 130, 20, 60, 90, 128, 22, 
93, 57, 143, 7, 74, 76, 138, 12, 57, 93, 123, 27, 14, 136, 134, 
16, 55, 95, 87, 63, 63, 87, 95, 55, 55, 95, 61, 89, 57, 93, 93, 
57, 147, 3, 143, 7, 143, 7, 28, 122, 6, 144, 6, 144, 24, 126, 
123, 27, 55, 95, 28, 122, 144, 6, 66, 84, 111, 39, 129, 21, 126, 
24, 144, 6, 116, 34, 137, 13, 13, 137, 13, 137, 13, 137, 40, 
110, 53, 97, 111, 39, 137, 13, 5, 145, 106, 44, 83, 67, 85, 65, 
37, 113, 113, 37, 143, 7, 95, 55, 25, 125, 68, 82, 91, 59, 62, 
88, 146, 4, 62, 88, 113, 37, 23, 127, 37, 113, 47, 103, 23, 127, 
103, 47, 134, 16, 137, 13, 137, 13, 137, 13, 13, 137, 140, 10, 
13, 137, 13, 137, 103, 47, 137, 13, 76, 74, 99, 51, 98, 52, 2, 
148, 100, 50, 79, 71, 83, 67, 51, 99, 51, 99, 11, 139, 26, 124, 
11, 139, 11, 139, 39, 111, 22, 128, 131, 19, 147, 3, 39, 111, 
8, 142, 139, 11, 96, 54, 139, 11, 22, 128, 97, 53, 54, 96, 11, 
139, 29, 121, 58, 92, 144, 6, 134, 16, 63, 87, 75, 75, 68, 82, 
78, 72, 79, 71, 100, 50, 72, 78, 60, 90, 60, 90, 91, 59, 60, 
90, 41, 109, 124, 26, 58, 92, 12, 138, 142, 8, 135, 15, 145, 
5, 6, 144, 1, 149, 15, 135, 125, 25, 6, 144, 3, 147, 147, 3, 
1, 149, 29, 121, 107, 43, 64, 86, 16, 134, 16, 134, 51, 99, 122, 
28, 122, 28, 1, 149, 99, 51, 12, 138, 77, 73, 56, 94, 56, 94, 
80, 70, 107, 43, 74, 76, 134, 16, 80, 70, 81, 69, 69, 81, 81, 
69, 69, 81, 81, 69, 128, 22, 73, 77, 69, 81, 69, 81, 54, 96, 
